base: 0 controller: 0 pos: -435.744415 154.210709 375.487549 rot_mat: 0.976719 0.149135 0.154202  -0.128952 0.982618 -0.133543  -0.171438 0.110549 0.978973
base: 0 controller: 1 pos: -378.901520 205.150711 305.488831 rot_mat: 0.971794 -0.232914 -0.036977  0.232146 0.972387 -0.023910  0.041524 0.014651 0.999030
base: 0 controller: 0 pos: -435.744415 154.210709 375.487549 rot_mat: 0.976719 0.149135 0.154202  -0.128952 0.982618 -0.133543  -0.171438 0.110549 0.978973
base: 0 controller: 1 pos: -378.901520 205.150711 305.488831 rot_mat: 0.971794 -0.232914 -0.036977  0.232146 0.972387 -0.023910  0.041524 0.014651 0.999030
base: 0 controller: 0 pos: -435.699493 154.338013 375.596924 rot_mat: 0.976841 0.148966 0.153593  -0.128719 0.982545 -0.134297  -0.170918 0.111417 0.978965
base: 0 controller: 1 pos: -378.801300 204.735291 305.944733 rot_mat: 0.972011 -0.231892 -0.037682  0.231141 0.972643 -0.023244  0.042041 0.013883 0.999019
base: 0 controller: 0 pos: -435.699493 154.338013 375.596924 rot_mat: 0.976841 0.148966 0.153593  -0.128719 0.982545 -0.134297  -0.170918 0.111417 0.978965
base: 0 controller: 1 pos: -378.801300 204.735291 305.944733 rot_mat: 0.972011 -0.231892 -0.037682  0.231141 0.972643 -0.023244  0.042041 0.013883 0.999019
base: 0 controller: 0 pos: -435.699493 154.338013 375.596924 rot_mat: 0.976841 0.148966 0.153593  -0.128719 0.982545 -0.134297  -0.170918 0.111417 0.978965
base: 0 controller: 1 pos: -378.801300 204.735291 305.944733 rot_mat: 0.972011 -0.231892 -0.037682  0.231141 0.972643 -0.023244  0.042041 0.013883 0.999019
base: 0 controller: 0 pos: -435.796967 154.249832 375.701477 rot_mat: 0.976597 0.150420 0.153728  -0.130096 0.982308 -0.134707  -0.171271 0.111555 0.978888
base: 0 controller: 1 pos: -378.961670 204.223068 306.213989 rot_mat: 0.972525 -0.229908 -0.036578  0.229186 0.973113 -0.022914  0.040863 0.013902 0.999068
base: 0 controller: 0 pos: -435.796967 154.249832 375.701477 rot_mat: 0.976597 0.150420 0.153728  -0.130096 0.982308 -0.134707  -0.171271 0.111555 0.978888
base: 0 controller: 1 pos: -378.961670 204.223068 306.213989 rot_mat: 0.972525 -0.229908 -0.036578  0.229186 0.973113 -0.022914  0.040863 0.013902 0.999068
base: 0 controller: 0 pos: -435.796967 154.249832 375.701477 rot_mat: 0.976597 0.150420 0.153728  -0.130096 0.982308 -0.134707  -0.171271 0.111555 0.978888
base: 0 controller: 1 pos: -378.961670 204.223068 306.213989 rot_mat: 0.972525 -0.229908 -0.036578  0.229186 0.973113 -0.022914  0.040863 0.013902 0.999068
base: 0 controller: 0 pos: -435.796967 154.249832 375.701477 rot_mat: 0.976597 0.150420 0.153728  -0.130096 0.982308 -0.134707  -0.171271 0.111555 0.978888
base: 0 controller: 1 pos: -378.961670 204.223068 306.213989 rot_mat: 0.972525 -0.229908 -0.036578  0.229186 0.973113 -0.022914  0.040863 0.013902 0.999068
base: 0 controller: 0 pos: -435.940826 154.085205 375.736359 rot_mat: 0.976346 0.151579 0.154180  -0.131223 0.982169 -0.134630  -0.171838 0.111213 0.978828
base: 0 controller: 1 pos: -379.180908 203.885391 306.187439 rot_mat: 0.972604 -0.229811 -0.035045  0.229080 0.973119 -0.023692  0.039548 0.015014 0.999105
base: 0 controller: 0 pos: -435.940826 154.085205 375.736359 rot_mat: 0.976346 0.151579 0.154180  -0.131223 0.982169 -0.134630  -0.171838 0.111213 0.978828
base: 0 controller: 1 pos: -379.180908 203.885391 306.187439 rot_mat: 0.972604 -0.229811 -0.035045  0.229080 0.973119 -0.023692  0.039548 0.015014 0.999105
base: 0 controller: 0 pos: -435.940826 154.085205 375.736359 rot_mat: 0.976346 0.151579 0.154180  -0.131223 0.982169 -0.134630  -0.171838 0.111213 0.978828
base: 0 controller: 1 pos: -379.180908 203.885391 306.187439 rot_mat: 0.972604 -0.229811 -0.035045  0.229080 0.973119 -0.023692  0.039548 0.015014 0.999105
base: 0 controller: 0 pos: -436.102081 153.877045 375.699524 rot_mat: 0.976109 0.152667 0.154610  -0.132297 0.982046 -0.134470  -0.172363 0.110803 0.978782
base: 0 controller: 1 pos: -379.514618 203.781433 305.946869 rot_mat: 0.972677 -0.229699 -0.033725  0.228964 0.973131 -0.024311  0.038403 0.015925 0.999135
base: 0 controller: 0 pos: -436.102081 153.877045 375.699524 rot_mat: 0.976109 0.152667 0.154610  -0.132297 0.982046 -0.134470  -0.172363 0.110803 0.978782
base: 0 controller: 1 pos: -379.514618 203.781433 305.946869 rot_mat: 0.972677 -0.229699 -0.033725  0.228964 0.973131 -0.024311  0.038403 0.015925 0.999135
base: 0 controller: 0 pos: -436.102081 153.877045 375.699524 rot_mat: 0.976109 0.152667 0.154610  -0.132297 0.982046 -0.134470  -0.172363 0.110803 0.978782
base: 0 controller: 1 pos: -379.514618 203.781433 305.946869 rot_mat: 0.972677 -0.229699 -0.033725  0.228964 0.973131 -0.024311  0.038403 0.015925 0.999135
base: 0 controller: 0 pos: -436.102081 153.877045 375.699524 rot_mat: 0.976109 0.152667 0.154610  -0.132297 0.982046 -0.134470  -0.172363 0.110803 0.978782
base: 0 controller: 1 pos: -379.514618 203.781433 305.946869 rot_mat: 0.972677 -0.229699 -0.033725  0.228964 0.973131 -0.024311  0.038403 0.015925 0.999135
base: 0 controller: 0 pos: -436.342255 153.562744 375.602203 rot_mat: 0.975848 0.153714 0.155218  -0.133323 0.981940 -0.134231  -0.173049 0.110295 0.978718
base: 0 controller: 1 pos: -379.892822 203.873672 305.483978 rot_mat: 0.972605 -0.230192 -0.032427  0.229417 0.972982 -0.025949  0.037524 0.017799 0.999137
base: 0 controller: 0 pos: -436.342255 153.562744 375.602203 rot_mat: 0.975848 0.153714 0.155218  -0.133323 0.981940 -0.134231  -0.173049 0.110295 0.978718
base: 0 controller: 1 pos: -379.892822 203.873672 305.483978 rot_mat: 0.972605 -0.230192 -0.032427  0.229417 0.972982 -0.025949  0.037524 0.017799 0.999137
base: 0 controller: 0 pos: -436.342255 153.562744 375.602203 rot_mat: 0.975848 0.153714 0.155218  -0.133323 0.981940 -0.134231  -0.173049 0.110295 0.978718
base: 0 controller: 1 pos: -379.892822 203.873672 305.483978 rot_mat: 0.972605 -0.230192 -0.032427  0.229417 0.972982 -0.025949  0.037524 0.017799 0.999137
base: 0 controller: 0 pos: -436.417389 153.256836 375.622742 rot_mat: 0.976105 0.153143 0.154162  -0.132943 0.982050 -0.133803  -0.171886 0.110111 0.978944
base: 0 controller: 1 pos: -380.038818 204.144196 305.170410 rot_mat: 0.972254 -0.231624 -0.032741  0.230798 0.972623 -0.027142  0.038132 0.018833 0.999095
base: 0 controller: 0 pos: -436.417389 153.256836 375.622742 rot_mat: 0.976105 0.153143 0.154162  -0.132943 0.982050 -0.133803  -0.171886 0.110111 0.978944
base: 0 controller: 1 pos: -380.038818 204.144196 305.170410 rot_mat: 0.972254 -0.231624 -0.032741  0.230798 0.972623 -0.027142  0.038132 0.018833 0.999095
base: 0 controller: 0 pos: -436.417389 153.256836 375.622742 rot_mat: 0.976105 0.153143 0.154162  -0.132943 0.982050 -0.133803  -0.171886 0.110111 0.978944
base: 0 controller: 1 pos: -380.038818 204.144196 305.170410 rot_mat: 0.972254 -0.231624 -0.032741  0.230798 0.972623 -0.027142  0.038132 0.018833 0.999095
base: 0 controller: 0 pos: -436.271484 153.182144 375.694519 rot_mat: 0.976580 0.151514 0.152760  -0.131254 0.982113 -0.135007  -0.170483 0.111795 0.978998
base: 0 controller: 1 pos: -380.069489 204.339355 305.049408 rot_mat: 0.972132 -0.232104 -0.032981  0.231276 0.972511 -0.027080  0.038360 0.018697 0.999089
base: 0 controller: 0 pos: -436.271484 153.182144 375.694519 rot_mat: 0.976580 0.151514 0.152760  -0.131254 0.982113 -0.135007  -0.170483 0.111795 0.978998
base: 0 controller: 1 pos: -380.069489 204.339355 305.049408 rot_mat: 0.972132 -0.232104 -0.032981  0.231276 0.972511 -0.027080  0.038360 0.018697 0.999089
base: 0 controller: 0 pos: -436.271484 153.182144 375.694519 rot_mat: 0.976580 0.151514 0.152760  -0.131254 0.982113 -0.135007  -0.170483 0.111795 0.978998
base: 0 controller: 1 pos: -380.069489 204.339355 305.049408 rot_mat: 0.972132 -0.232104 -0.032981  0.231276 0.972511 -0.027080  0.038360 0.018697 0.999089
base: 0 controller: 0 pos: -436.271484 153.182144 375.694519 rot_mat: 0.976580 0.151514 0.152760  -0.131254 0.982113 -0.135007  -0.170483 0.111795 0.978998
base: 0 controller: 1 pos: -380.069489 204.339355 305.049408 rot_mat: 0.972132 -0.232104 -0.032981  0.231276 0.972511 -0.027080  0.038360 0.018697 0.999089
base: 0 controller: 0 pos: -435.966309 153.390762 375.855042 rot_mat: 0.977016 0.149957 0.151501  -0.129621 0.982160 -0.136236  -0.169228 0.113467 0.979024
base: 0 controller: 1 pos: -379.985138 204.432144 305.055328 rot_mat: 0.972022 -0.232535 -0.033181  0.231705 0.972410 -0.027042  0.038554 0.018597 0.999083
base: 0 controller: 0 pos: -435.966309 153.390762 375.855042 rot_mat: 0.977016 0.149957 0.151501  -0.129621 0.982160 -0.136236  -0.169228 0.113467 0.979024
base: 0 controller: 1 pos: -379.985138 204.432144 305.055328 rot_mat: 0.972022 -0.232535 -0.033181  0.231705 0.972410 -0.027042  0.038554 0.018597 0.999083
base: 0 controller: 0 pos: -435.966309 153.390762 375.855042 rot_mat: 0.977016 0.149957 0.151501  -0.129621 0.982160 -0.136236  -0.169228 0.113467 0.979024
base: 0 controller: 1 pos: -379.985138 204.432144 305.055328 rot_mat: 0.972022 -0.232535 -0.033181  0.231705 0.972410 -0.027042  0.038554 0.018597 0.999083
base: 0 controller: 0 pos: -435.966309 153.390762 375.855042 rot_mat: 0.977016 0.149957 0.151501  -0.129621 0.982160 -0.136236  -0.169228 0.113467 0.979024
base: 0 controller: 1 pos: -379.985138 204.432144 305.055328 rot_mat: 0.972022 -0.232535 -0.033181  0.231705 0.972410 -0.027042  0.038554 0.018597 0.999083
base: 0 controller: 0 pos: -435.474426 153.833893 376.149933 rot_mat: 0.977425 0.148638 0.150157  -0.128371 0.982259 -0.136707  -0.167813 0.114345 0.979165
base: 0 controller: 1 pos: -379.811096 204.400742 305.385040 rot_mat: 0.972038 -0.232255 -0.034638  0.231478 0.972518 -0.025045  0.039503 0.016327 0.999086
base: 0 controller: 0 pos: -435.474426 153.833893 376.149933 rot_mat: 0.977425 0.148638 0.150157  -0.128371 0.982259 -0.136707  -0.167813 0.114345 0.979165
base: 0 controller: 1 pos: -379.811096 204.400742 305.385040 rot_mat: 0.972038 -0.232255 -0.034638  0.231478 0.972518 -0.025045  0.039503 0.016327 0.999086
base: 0 controller: 0 pos: -435.474426 153.833893 376.149933 rot_mat: 0.977425 0.148638 0.150157  -0.128371 0.982259 -0.136707  -0.167813 0.114345 0.979165
base: 0 controller: 1 pos: -379.811096 204.400742 305.385040 rot_mat: 0.972038 -0.232255 -0.034638  0.231478 0.972518 -0.025045  0.039503 0.016327 0.999086
base: 0 controller: 0 pos: -435.039948 154.455795 376.400146 rot_mat: 0.977739 0.147467 0.149267  -0.127204 0.982333 -0.137263  -0.166871 0.115220 0.979223
base: 0 controller: 1 pos: -379.749420 204.213974 305.656982 rot_mat: 0.972188 -0.231633 -0.034601  0.230913 0.972689 -0.023581  0.039119 0.014935 0.999123
base: 0 controller: 0 pos: -435.039948 154.455795 376.400146 rot_mat: 0.977739 0.147467 0.149267  -0.127204 0.982333 -0.137263  -0.166871 0.115220 0.979223
base: 0 controller: 1 pos: -379.749420 204.213974 305.656982 rot_mat: 0.972188 -0.231633 -0.034601  0.230913 0.972689 -0.023581  0.039119 0.014935 0.999123
base: 0 controller: 0 pos: -435.039948 154.455795 376.400146 rot_mat: 0.977739 0.147467 0.149267  -0.127204 0.982333 -0.137263  -0.166871 0.115220 0.979223
base: 0 controller: 1 pos: -379.749420 204.213974 305.656982 rot_mat: 0.972188 -0.231633 -0.034601  0.230913 0.972689 -0.023581  0.039119 0.014935 0.999123
base: 0 controller: 0 pos: -434.627258 155.044540 376.534393 rot_mat: 0.978158 0.146091 0.147869  -0.125670 0.982266 -0.139145  -0.165575 0.117524 0.979170
base: 0 controller: 1 pos: -379.635834 204.093002 305.788574 rot_mat: 0.971880 -0.232983 -0.034188  0.232246 0.972356 -0.024186  0.038878 0.015566 0.999123
base: 0 controller: 0 pos: -434.627258 155.044540 376.534393 rot_mat: 0.978158 0.146091 0.147869  -0.125670 0.982266 -0.139145  -0.165575 0.117524 0.979170
base: 0 controller: 1 pos: -379.635834 204.093002 305.788574 rot_mat: 0.971880 -0.232983 -0.034188  0.232246 0.972356 -0.024186  0.038878 0.015566 0.999123
base: 0 controller: 0 pos: -434.627258 155.044540 376.534393 rot_mat: 0.978158 0.146091 0.147869  -0.125670 0.982266 -0.139145  -0.165575 0.117524 0.979170
base: 0 controller: 1 pos: -379.635834 204.093002 305.788574 rot_mat: 0.971880 -0.232983 -0.034188  0.232246 0.972356 -0.024186  0.038878 0.015566 0.999123
base: 0 controller: 0 pos: -434.627258 155.044540 376.534393 rot_mat: 0.978158 0.146091 0.147869  -0.125670 0.982266 -0.139145  -0.165575 0.117524 0.979170
base: 0 controller: 1 pos: -379.635834 204.093002 305.788574 rot_mat: 0.971880 -0.232983 -0.034188  0.232246 0.972356 -0.024186  0.038878 0.015566 0.999123
base: 0 controller: 0 pos: -434.232117 155.653107 376.612640 rot_mat: 0.978542 0.144739 0.146652  -0.124175 0.982214 -0.140839  -0.164429 0.119607 0.979111
base: 0 controller: 1 pos: -379.540680 204.137604 305.865723 rot_mat: 0.971627 -0.234083 -0.033843  0.233334 0.972084 -0.024663  0.038672 0.016066 0.999123
base: 0 controller: 0 pos: -434.232117 155.653107 376.612640 rot_mat: 0.978542 0.144739 0.146652  -0.124175 0.982214 -0.140839  -0.164429 0.119607 0.979111
base: 0 controller: 1 pos: -379.540680 204.137604 305.865723 rot_mat: 0.971627 -0.234083 -0.033843  0.233334 0.972084 -0.024663  0.038672 0.016066 0.999123
base: 0 controller: 0 pos: -434.232117 155.653107 376.612640 rot_mat: 0.978542 0.144739 0.146652  -0.124175 0.982214 -0.140839  -0.164429 0.119607 0.979111
base: 0 controller: 1 pos: -379.540680 204.137604 305.865723 rot_mat: 0.971627 -0.234083 -0.033843  0.233334 0.972084 -0.024663  0.038672 0.016066 0.999123
base: 0 controller: 0 pos: -433.883301 156.329742 376.590942 rot_mat: 0.978905 0.143400 0.145539  -0.122622 0.982110 -0.142913  -0.163429 0.122052 0.978976
base: 0 controller: 1 pos: -379.501984 204.366760 305.651703 rot_mat: 0.971496 -0.234865 -0.032155  0.234104 0.971871 -0.025724  0.037292 0.017464 0.999152
base: 0 controller: 0 pos: -433.883301 156.329742 376.590942 rot_mat: 0.978905 0.143400 0.145539  -0.122622 0.982110 -0.142913  -0.163429 0.122052 0.978976
base: 0 controller: 1 pos: -379.501984 204.366760 305.651703 rot_mat: 0.971496 -0.234865 -0.032155  0.234104 0.971871 -0.025724  0.037292 0.017464 0.999152
base: 0 controller: 0 pos: -433.883301 156.329742 376.590942 rot_mat: 0.978905 0.143400 0.145539  -0.122622 0.982110 -0.142913  -0.163429 0.122052 0.978976
base: 0 controller: 1 pos: -379.501984 204.366760 305.651703 rot_mat: 0.971496 -0.234865 -0.032155  0.234104 0.971871 -0.025724  0.037292 0.017464 0.999152
base: 0 controller: 0 pos: -433.883301 156.329742 376.590942 rot_mat: 0.978905 0.143400 0.145539  -0.122622 0.982110 -0.142913  -0.163429 0.122052 0.978976
base: 0 controller: 1 pos: -379.501984 204.366760 305.651703 rot_mat: 0.971496 -0.234865 -0.032155  0.234104 0.971871 -0.025724  0.037292 0.017464 0.999152
base: 0 controller: 0 pos: -433.479187 157.052002 376.537628 rot_mat: 0.979199 0.142316 0.144624  -0.121353 0.982006 -0.144695  -0.162614 0.124135 0.978850
base: 0 controller: 1 pos: -379.360840 204.749298 305.399811 rot_mat: 0.971224 -0.236085 -0.031435  0.235307 0.971559 -0.026536  0.036805 0.018375 0.999153
base: 0 controller: 0 pos: -433.479187 157.052002 376.537628 rot_mat: 0.979199 0.142316 0.144624  -0.121353 0.982006 -0.144695  -0.162614 0.124135 0.978850
base: 0 controller: 1 pos: -379.360840 204.749298 305.399811 rot_mat: 0.971224 -0.236085 -0.031435  0.235307 0.971559 -0.026536  0.036805 0.018375 0.999153
base: 0 controller: 0 pos: -433.479187 157.052002 376.537628 rot_mat: 0.979199 0.142316 0.144624  -0.121353 0.982006 -0.144695  -0.162614 0.124135 0.978850
base: 0 controller: 1 pos: -379.360840 204.749298 305.399811 rot_mat: 0.971224 -0.236085 -0.031435  0.235307 0.971559 -0.026536  0.036805 0.018375 0.999153
base: 0 controller: 0 pos: -433.134308 157.678101 376.562439 rot_mat: 0.979331 0.141685 0.144347  -0.120682 0.982024 -0.145138  -0.162316 0.124718 0.978825
base: 0 controller: 1 pos: -379.165802 205.179367 305.074219 rot_mat: 0.970718 -0.238269 -0.030560  0.237444 0.970989 -0.028315  0.036420 0.020230 0.999132
base: 0 controller: 0 pos: -433.134308 157.678101 376.562439 rot_mat: 0.979331 0.141685 0.144347  -0.120682 0.982024 -0.145138  -0.162316 0.124718 0.978825
base: 0 controller: 1 pos: -379.165802 205.179367 305.074219 rot_mat: 0.970718 -0.238269 -0.030560  0.237444 0.970989 -0.028315  0.036420 0.020230 0.999132
base: 0 controller: 0 pos: -433.134308 157.678101 376.562439 rot_mat: 0.979331 0.141685 0.144347  -0.120682 0.982024 -0.145138  -0.162316 0.124718 0.978825
base: 0 controller: 1 pos: -379.165802 205.179367 305.074219 rot_mat: 0.970718 -0.238269 -0.030560  0.237444 0.970989 -0.028315  0.036420 0.020230 0.999132
base: 0 controller: 0 pos: -432.838562 158.145447 376.617737 rot_mat: 0.979438 0.141182 0.144113  -0.120139 0.982029 -0.145552  -0.162072 0.125246 0.978798
base: 0 controller: 1 pos: -378.961304 205.654510 304.721802 rot_mat: 0.970272 -0.240175 -0.029799  0.239310 0.970484 -0.029871  0.036093 0.021852 0.999110
base: 0 controller: 0 pos: -432.838562 158.145447 376.617737 rot_mat: 0.979438 0.141182 0.144113  -0.120139 0.982029 -0.145552  -0.162072 0.125246 0.978798
base: 0 controller: 1 pos: -378.961304 205.654510 304.721802 rot_mat: 0.970272 -0.240175 -0.029799  0.239310 0.970484 -0.029871  0.036093 0.021852 0.999110
base: 0 controller: 0 pos: -432.838562 158.145447 376.617737 rot_mat: 0.979438 0.141182 0.144113  -0.120139 0.982029 -0.145552  -0.162072 0.125246 0.978798
base: 0 controller: 1 pos: -378.961304 205.654510 304.721802 rot_mat: 0.970272 -0.240175 -0.029799  0.239310 0.970484 -0.029871  0.036093 0.021852 0.999110
base: 0 controller: 0 pos: -432.615112 158.418777 376.675476 rot_mat: 0.979445 0.140949 0.144291  -0.119869 0.982050 -0.145631  -0.162228 0.125341 0.978760
base: 0 controller: 1 pos: -378.713928 206.174759 304.463104 rot_mat: 0.969923 -0.241673 -0.029056  0.240782 0.970083 -0.031040  0.035688 0.023110 0.999096
base: 0 controller: 0 pos: -432.615112 158.418777 376.675476 rot_mat: 0.979445 0.140949 0.144291  -0.119869 0.982050 -0.145631  -0.162228 0.125341 0.978760
base: 0 controller: 1 pos: -378.713928 206.174759 304.463104 rot_mat: 0.969923 -0.241673 -0.029056  0.240782 0.970083 -0.031040  0.035688 0.023110 0.999096
base: 0 controller: 0 pos: -432.615112 158.418777 376.675476 rot_mat: 0.979445 0.140949 0.144291  -0.119869 0.982050 -0.145631  -0.162228 0.125341 0.978760
base: 0 controller: 1 pos: -378.713928 206.174759 304.463104 rot_mat: 0.969923 -0.241673 -0.029056  0.240782 0.970083 -0.031040  0.035688 0.023110 0.999096
base: 0 controller: 0 pos: -432.559448 158.480057 376.691193 rot_mat: 0.979207 0.141582 0.145288  -0.120351 0.981969 -0.145785  -0.163309 0.125268 0.978590
base: 0 controller: 1 pos: -378.599609 206.697617 304.133057 rot_mat: 0.969916 -0.241830 -0.027935  0.240933 0.970014 -0.032009  0.034838 0.024316 0.999097
base: 0 controller: 0 pos: -432.559448 158.480057 376.691193 rot_mat: 0.979207 0.141582 0.145288  -0.120351 0.981969 -0.145785  -0.163309 0.125268 0.978590
base: 0 controller: 1 pos: -378.599609 206.697617 304.133057 rot_mat: 0.969916 -0.241830 -0.027935  0.240933 0.970014 -0.032009  0.034838 0.024316 0.999097
base: 0 controller: 0 pos: -432.559448 158.480057 376.691193 rot_mat: 0.979207 0.141582 0.145288  -0.120351 0.981969 -0.145785  -0.163309 0.125268 0.978590
base: 0 controller: 1 pos: -378.599609 206.697617 304.133057 rot_mat: 0.969916 -0.241830 -0.027935  0.240933 0.970014 -0.032009  0.034838 0.024316 0.999097
base: 0 controller: 0 pos: -432.559448 158.480057 376.691193 rot_mat: 0.979207 0.141582 0.145288  -0.120351 0.981969 -0.145785  -0.163309 0.125268 0.978590
base: 0 controller: 1 pos: -378.599609 206.697617 304.133057 rot_mat: 0.969916 -0.241830 -0.027935  0.240933 0.970014 -0.032009  0.034838 0.024316 0.999097
base: 0 controller: 0 pos: -432.584076 158.517532 376.586975 rot_mat: 0.979079 0.141410 0.146314  -0.119949 0.981932 -0.146364  -0.164368 0.125752 0.978350
base: 0 controller: 1 pos: -378.518646 207.169403 303.771088 rot_mat: 0.969808 -0.242397 -0.026748  0.241493 0.969840 -0.033039  0.033950 0.025582 0.999096
base: 0 controller: 0 pos: -432.584076 158.517532 376.586975 rot_mat: 0.979079 0.141410 0.146314  -0.119949 0.981932 -0.146364  -0.164368 0.125752 0.978350
base: 0 controller: 1 pos: -378.518646 207.169403 303.771088 rot_mat: 0.969808 -0.242397 -0.026748  0.241493 0.969840 -0.033039  0.033950 0.025582 0.999096
base: 0 controller: 0 pos: -432.713898 158.551300 376.393738 rot_mat: 0.978952 0.141368 0.147198  -0.119717 0.981892 -0.146820  -0.165288 0.126108 0.978150
base: 0 controller: 1 pos: -378.493591 207.577377 303.392761 rot_mat: 0.969757 -0.242703 -0.025814  0.241798 0.969737 -0.033807  0.033238 0.026543 0.999095
base: 0 controller: 0 pos: -432.713898 158.551300 376.393738 rot_mat: 0.978952 0.141368 0.147198  -0.119717 0.981892 -0.146820  -0.165288 0.126108 0.978150
base: 0 controller: 1 pos: -378.493591 207.577377 303.392761 rot_mat: 0.969757 -0.242703 -0.025814  0.241798 0.969737 -0.033807  0.033238 0.026543 0.999095
base: 0 controller: 0 pos: -432.713898 158.551300 376.393738 rot_mat: 0.978952 0.141368 0.147198  -0.119717 0.981892 -0.146820  -0.165288 0.126108 0.978150
base: 0 controller: 1 pos: -378.493591 207.577377 303.392761 rot_mat: 0.969757 -0.242703 -0.025814  0.241798 0.969737 -0.033807  0.033238 0.026543 0.999095
base: 0 controller: 0 pos: -432.867065 158.619263 376.160919 rot_mat: 0.978876 0.141299 0.147773  -0.119530 0.981877 -0.147074  -0.165876 0.126304 0.978025
base: 0 controller: 1 pos: -378.517792 207.932343 303.038300 rot_mat: 0.969680 -0.243047 -0.025450  0.242135 0.969635 -0.034324  0.033019 0.027121 0.999087
base: 0 controller: 0 pos: -432.867065 158.619263 376.160919 rot_mat: 0.978876 0.141299 0.147773  -0.119530 0.981877 -0.147074  -0.165876 0.126304 0.978025
base: 0 controller: 1 pos: -378.517792 207.932343 303.038300 rot_mat: 0.969680 -0.243047 -0.025450  0.242135 0.969635 -0.034324  0.033019 0.027121 0.999087
base: 0 controller: 0 pos: -432.867065 158.619263 376.160919 rot_mat: 0.978876 0.141299 0.147773  -0.119530 0.981877 -0.147074  -0.165876 0.126304 0.978025
base: 0 controller: 1 pos: -378.517792 207.932343 303.038300 rot_mat: 0.969680 -0.243047 -0.025450  0.242135 0.969635 -0.034324  0.033019 0.027121 0.999087
base: 0 controller: 0 pos: -432.940308 158.728607 376.008667 rot_mat: 0.978929 0.141459 0.147268  -0.119816 0.981895 -0.146717  -0.165356 0.125981 0.978155
base: 0 controller: 1 pos: -378.488342 208.266159 302.732849 rot_mat: 0.969560 -0.243581 -0.024939  0.242666 0.969484 -0.034846  0.032665 0.027733 0.999081
base: 0 controller: 0 pos: -432.940308 158.728607 376.008667 rot_mat: 0.978929 0.141459 0.147268  -0.119816 0.981895 -0.146717  -0.165356 0.125981 0.978155
base: 0 controller: 1 pos: -378.488342 208.266159 302.732849 rot_mat: 0.969560 -0.243581 -0.024939  0.242666 0.969484 -0.034846  0.032665 0.027733 0.999081
base: 0 controller: 0 pos: -432.940308 158.728607 376.008667 rot_mat: 0.978929 0.141459 0.147268  -0.119816 0.981895 -0.146717  -0.165356 0.125981 0.978155
base: 0 controller: 1 pos: -378.488342 208.266159 302.732849 rot_mat: 0.969560 -0.243581 -0.024939  0.242666 0.969484 -0.034846  0.032665 0.027733 0.999081
base: 0 controller: 0 pos: -433.031952 158.649017 376.079773 rot_mat: 0.978696 0.143269 0.147065  -0.122047 0.981962 -0.144411  -0.165102 0.123386 0.978528
base: 0 controller: 1 pos: -378.707550 208.344910 302.680908 rot_mat: 0.970334 -0.240402 -0.025653  0.239548 0.970344 -0.032406  0.032683 0.025300 0.999146
base: 0 controller: 0 pos: -433.031952 158.649017 376.079773 rot_mat: 0.978696 0.143269 0.147065  -0.122047 0.981962 -0.144411  -0.165102 0.123386 0.978528
base: 0 controller: 1 pos: -378.707550 208.344910 302.680908 rot_mat: 0.970334 -0.240402 -0.025653  0.239548 0.970344 -0.032406  0.032683 0.025300 0.999146
base: 0 controller: 0 pos: -433.031952 158.649017 376.079773 rot_mat: 0.978696 0.143269 0.147065  -0.122047 0.981962 -0.144411  -0.165102 0.123386 0.978528
base: 0 controller: 1 pos: -378.707550 208.344910 302.680908 rot_mat: 0.970334 -0.240402 -0.025653  0.239548 0.970344 -0.032406  0.032683 0.025300 0.999146
base: 0 controller: 0 pos: -433.031952 158.649017 376.079773 rot_mat: 0.978696 0.143269 0.147065  -0.122047 0.981962 -0.144411  -0.165102 0.123386 0.978528
base: 0 controller: 1 pos: -378.707550 208.344910 302.680908 rot_mat: 0.970334 -0.240402 -0.025653  0.239548 0.970344 -0.032406  0.032683 0.025300 0.999146
base: 0 controller: 0 pos: -433.081207 158.306198 376.286133 rot_mat: 0.978468 0.144968 0.146917  -0.124133 0.982014 -0.142264  -0.164898 0.120964 0.978865
base: 0 controller: 1 pos: -378.997314 208.076599 302.778748 rot_mat: 0.970944 -0.237870 -0.026187  0.237067 0.971016 -0.030450  0.032671 0.023358 0.999193
base: 0 controller: 0 pos: -433.081207 158.306198 376.286133 rot_mat: 0.978468 0.144968 0.146917  -0.124133 0.982014 -0.142264  -0.164898 0.120964 0.978865
base: 0 controller: 1 pos: -378.997314 208.076599 302.778748 rot_mat: 0.970944 -0.237870 -0.026187  0.237067 0.971016 -0.030450  0.032671 0.023358 0.999193
base: 0 controller: 0 pos: -433.081207 158.306198 376.286133 rot_mat: 0.978468 0.144968 0.146917  -0.124133 0.982014 -0.142264  -0.164898 0.120964 0.978865
base: 0 controller: 1 pos: -378.997314 208.076599 302.778748 rot_mat: 0.970944 -0.237870 -0.026187  0.237067 0.971016 -0.030450  0.032671 0.023358 0.999193
base: 0 controller: 0 pos: -433.140930 157.737579 376.508301 rot_mat: 0.978269 0.146286 0.146937  -0.125620 0.981969 -0.141269  -0.164953 0.119740 0.979006
base: 0 controller: 1 pos: -379.374146 207.498352 302.881805 rot_mat: 0.971468 -0.235743 -0.025978  0.234983 0.971559 -0.029268  0.032139 0.022329 0.999234
base: 0 controller: 0 pos: -433.140930 157.737579 376.508301 rot_mat: 0.978269 0.146286 0.146937  -0.125620 0.981969 -0.141269  -0.164953 0.119740 0.979006
base: 0 controller: 1 pos: -379.374146 207.498352 302.881805 rot_mat: 0.971468 -0.235743 -0.025978  0.234983 0.971559 -0.029268  0.032139 0.022329 0.999234
base: 0 controller: 0 pos: -433.233978 157.142441 376.633453 rot_mat: 0.978400 0.145017 0.147319  -0.124265 0.982112 -0.141473  -0.165200 0.120111 0.978919
base: 0 controller: 1 pos: -379.754700 206.690399 303.163635 rot_mat: 0.971710 -0.234585 -0.027374  0.233836 0.971873 -0.027975  0.033166 0.020782 0.999234
base: 0 controller: 0 pos: -433.233978 157.142441 376.633453 rot_mat: 0.978400 0.145017 0.147319  -0.124265 0.982112 -0.141473  -0.165200 0.120111 0.978919
base: 0 controller: 1 pos: -379.754700 206.690399 303.163635 rot_mat: 0.971710 -0.234585 -0.027374  0.233836 0.971873 -0.027975  0.033166 0.020782 0.999234
base: 0 controller: 0 pos: -433.233978 157.142441 376.633453 rot_mat: 0.978400 0.145017 0.147319  -0.124265 0.982112 -0.141473  -0.165200 0.120111 0.978919
base: 0 controller: 1 pos: -379.754700 206.690399 303.163635 rot_mat: 0.971710 -0.234585 -0.027374  0.233836 0.971873 -0.027975  0.033166 0.020782 0.999234
base: 0 controller: 0 pos: -433.233978 157.142441 376.633453 rot_mat: 0.978400 0.145017 0.147319  -0.124265 0.982112 -0.141473  -0.165200 0.120111 0.978919
base: 0 controller: 1 pos: -379.754700 206.690399 303.163635 rot_mat: 0.971710 -0.234585 -0.027374  0.233836 0.971873 -0.027975  0.033166 0.020782 0.999234
base: 0 controller: 0 pos: -433.266510 156.915298 376.544098 rot_mat: 0.978759 0.142594 0.147300  -0.121501 0.982169 -0.143461  -0.165130 0.122517 0.978633
base: 0 controller: 1 pos: -379.864380 206.085327 303.354065 rot_mat: 0.971486 -0.235439 -0.027981  0.234666 0.971663 -0.028329  0.033858 0.020955 0.999207
base: 0 controller: 0 pos: -433.266510 156.915298 376.544098 rot_mat: 0.978759 0.142594 0.147300  -0.121501 0.982169 -0.143461  -0.165130 0.122517 0.978633
base: 0 controller: 1 pos: -379.864380 206.085327 303.354065 rot_mat: 0.971486 -0.235439 -0.027981  0.234666 0.971663 -0.028329  0.033858 0.020955 0.999207
base: 0 controller: 0 pos: -433.266510 156.915298 376.544098 rot_mat: 0.978759 0.142594 0.147300  -0.121501 0.982169 -0.143461  -0.165130 0.122517 0.978633
base: 0 controller: 1 pos: -379.864380 206.085327 303.354065 rot_mat: 0.971486 -0.235439 -0.027981  0.234666 0.971663 -0.028329  0.033858 0.020955 0.999207
base: 0 controller: 0 pos: -433.288177 157.097595 376.286591 rot_mat: 0.979094 0.140324 0.147254  -0.118908 0.982207 -0.145360  -0.165031 0.124811 0.978359
base: 0 controller: 1 pos: -379.811646 205.752197 303.480652 rot_mat: 0.971295 -0.236166 -0.028500  0.235372 0.971484 -0.028615  0.034446 0.021086 0.999184
base: 0 controller: 0 pos: -433.288177 157.097595 376.286591 rot_mat: 0.979094 0.140324 0.147254  -0.118908 0.982207 -0.145360  -0.165031 0.124811 0.978359
base: 0 controller: 1 pos: -379.811646 205.752197 303.480652 rot_mat: 0.971295 -0.236166 -0.028500  0.235372 0.971484 -0.028615  0.034446 0.021086 0.999184
base: 0 controller: 0 pos: -433.288177 157.097595 376.286591 rot_mat: 0.979094 0.140324 0.147254  -0.118908 0.982207 -0.145360  -0.165031 0.124811 0.978359
base: 0 controller: 1 pos: -379.811646 205.752197 303.480652 rot_mat: 0.971295 -0.236166 -0.028500  0.235372 0.971484 -0.028615  0.034446 0.021086 0.999184
base: 0 controller: 0 pos: -433.279449 157.613312 376.034424 rot_mat: 0.979226 0.138849 0.147773  -0.117290 0.982338 -0.145790  -0.165406 0.125429 0.978217
base: 0 controller: 1 pos: -379.560699 205.694092 303.702484 rot_mat: 0.971048 -0.237030 -0.029710  0.236206 0.971277 -0.028763  0.035675 0.020912 0.999145
base: 0 controller: 0 pos: -433.279449 157.613312 376.034424 rot_mat: 0.979226 0.138849 0.147773  -0.117290 0.982338 -0.145790  -0.165406 0.125429 0.978217
base: 0 controller: 1 pos: -379.560699 205.694092 303.702484 rot_mat: 0.971048 -0.237030 -0.029710  0.236206 0.971277 -0.028763  0.035675 0.020912 0.999145
base: 0 controller: 0 pos: -433.279449 157.613312 376.034424 rot_mat: 0.979226 0.138849 0.147773  -0.117290 0.982338 -0.145790  -0.165406 0.125429 0.978217
base: 0 controller: 1 pos: -379.560699 205.694092 303.702484 rot_mat: 0.971048 -0.237030 -0.029710  0.236206 0.971277 -0.028763  0.035675 0.020912 0.999145
base: 0 controller: 0 pos: -433.318542 158.170319 375.719879 rot_mat: 0.978950 0.139134 0.149325  -0.117325 0.982290 -0.146087  -0.167006 0.125492 0.977937
base: 0 controller: 1 pos: -379.304993 205.837036 303.858154 rot_mat: 0.971139 -0.236564 -0.030446  0.235723 0.971393 -0.028798  0.036388 0.020790 0.999121
base: 0 controller: 0 pos: -433.318542 158.170319 375.719879 rot_mat: 0.978950 0.139134 0.149325  -0.117325 0.982290 -0.146087  -0.167006 0.125492 0.977937
base: 0 controller: 1 pos: -379.304993 205.837036 303.858154 rot_mat: 0.971139 -0.236564 -0.030446  0.235723 0.971393 -0.028798  0.036388 0.020790 0.999121
base: 0 controller: 0 pos: -433.318542 158.170319 375.719879 rot_mat: 0.978950 0.139134 0.149325  -0.117325 0.982290 -0.146087  -0.167006 0.125492 0.977937
base: 0 controller: 1 pos: -379.304993 205.837036 303.858154 rot_mat: 0.971139 -0.236564 -0.030446  0.235723 0.971393 -0.028798  0.036388 0.020790 0.999121
base: 0 controller: 0 pos: -433.450989 158.530655 375.433533 rot_mat: 0.978639 0.139448 0.151061  -0.117470 0.982319 -0.145778  -0.168719 0.124919 0.977716
base: 0 controller: 1 pos: -379.223419 205.865570 304.143402 rot_mat: 0.971598 -0.234512 -0.031636  0.233691 0.971919 -0.027595  0.037219 0.019418 0.999118
base: 0 controller: 0 pos: -433.450989 158.530655 375.433533 rot_mat: 0.978639 0.139448 0.151061  -0.117470 0.982319 -0.145778  -0.168719 0.124919 0.977716
base: 0 controller: 1 pos: -379.223419 205.865570 304.143402 rot_mat: 0.971598 -0.234512 -0.031636  0.233691 0.971919 -0.027595  0.037219 0.019418 0.999118
base: 0 controller: 0 pos: -433.450989 158.530655 375.433533 rot_mat: 0.978639 0.139448 0.151061  -0.117470 0.982319 -0.145778  -0.168719 0.124919 0.977716
base: 0 controller: 1 pos: -379.223419 205.865570 304.143402 rot_mat: 0.971598 -0.234512 -0.031636  0.233691 0.971919 -0.027595  0.037219 0.019418 0.999118
base: 0 controller: 0 pos: -433.670258 158.700531 375.187286 rot_mat: 0.978362 0.139748 0.152570  -0.117624 0.982339 -0.145518  -0.170211 0.124423 0.977521
base: 0 controller: 1 pos: -379.225739 205.705505 304.495636 rot_mat: 0.971979 -0.232792 -0.032637  0.231989 0.972355 -0.026597  0.037926 0.018281 0.999113
base: 0 controller: 0 pos: -433.670258 158.700531 375.187286 rot_mat: 0.978362 0.139748 0.152570  -0.117624 0.982339 -0.145518  -0.170211 0.124423 0.977521
base: 0 controller: 1 pos: -379.225739 205.705505 304.495636 rot_mat: 0.971979 -0.232792 -0.032637  0.231989 0.972355 -0.026597  0.037926 0.018281 0.999113
base: 0 controller: 0 pos: -433.670258 158.700531 375.187286 rot_mat: 0.978362 0.139748 0.152570  -0.117624 0.982339 -0.145518  -0.170211 0.124423 0.977521
base: 0 controller: 1 pos: -379.225739 205.705505 304.495636 rot_mat: 0.971979 -0.232792 -0.032637  0.231989 0.972355 -0.026597  0.037926 0.018281 0.999113
base: 0 controller: 0 pos: -433.670258 158.700531 375.187286 rot_mat: 0.978362 0.139748 0.152570  -0.117624 0.982339 -0.145518  -0.170211 0.124423 0.977521
base: 0 controller: 1 pos: -379.225739 205.705505 304.495636 rot_mat: 0.971979 -0.232792 -0.032637  0.231989 0.972355 -0.026597  0.037926 0.018281 0.999113
base: 0 controller: 0 pos: -433.981049 158.743347 374.941498 rot_mat: 0.978260 0.139784 0.153192  -0.117642 0.982390 -0.145159  -0.170785 0.123981 0.977477
base: 0 controller: 1 pos: -379.311462 205.387405 304.868866 rot_mat: 0.972212 -0.231597 -0.034149  0.230798 0.972660 -0.025783  0.039186 0.017185 0.999084
base: 0 controller: 0 pos: -433.981049 158.743347 374.941498 rot_mat: 0.978260 0.139784 0.153192  -0.117642 0.982390 -0.145159  -0.170785 0.123981 0.977477
base: 0 controller: 1 pos: -379.311462 205.387405 304.868866 rot_mat: 0.972212 -0.231597 -0.034149  0.230798 0.972660 -0.025783  0.039186 0.017185 0.999084
base: 0 controller: 0 pos: -433.981049 158.743347 374.941498 rot_mat: 0.978260 0.139784 0.153192  -0.117642 0.982390 -0.145159  -0.170785 0.123981 0.977477
base: 0 controller: 1 pos: -379.311462 205.387405 304.868866 rot_mat: 0.972212 -0.231597 -0.034149  0.230798 0.972660 -0.025783  0.039186 0.017185 0.999084
base: 0 controller: 0 pos: -434.213989 158.755798 374.843475 rot_mat: 0.978389 0.139557 0.152573  -0.117626 0.982504 -0.144398  -0.170055 0.123331 0.977686
base: 0 controller: 1 pos: -379.349304 204.993576 305.291534 rot_mat: 0.972174 -0.231575 -0.035365  0.230777 0.972679 -0.025253  0.040247 0.016389 0.999055
base: 0 controller: 0 pos: -434.213989 158.755798 374.843475 rot_mat: 0.978389 0.139557 0.152573  -0.117626 0.982504 -0.144398  -0.170055 0.123331 0.977686
base: 0 controller: 1 pos: -379.349304 204.993576 305.291534 rot_mat: 0.972174 -0.231575 -0.035365  0.230777 0.972679 -0.025253  0.040247 0.016389 0.999055
base: 0 controller: 0 pos: -434.213989 158.755798 374.843475 rot_mat: 0.978389 0.139557 0.152573  -0.117626 0.982504 -0.144398  -0.170055 0.123331 0.977686
base: 0 controller: 1 pos: -379.349304 204.993576 305.291534 rot_mat: 0.972174 -0.231575 -0.035365  0.230777 0.972679 -0.025253  0.040247 0.016389 0.999055
base: 0 controller: 0 pos: -434.238770 158.856186 374.750397 rot_mat: 0.978714 0.138250 0.151674  -0.116303 0.982555 -0.145119  -0.169091 0.124390 0.977720
base: 0 controller: 1 pos: -379.208649 204.786682 305.608337 rot_mat: 0.971759 -0.233232 -0.035864  0.232393 0.972272 -0.026071  0.040951 0.017000 0.999017
base: 0 controller: 0 pos: -434.238770 158.856186 374.750397 rot_mat: 0.978714 0.138250 0.151674  -0.116303 0.982555 -0.145119  -0.169091 0.124390 0.977720
base: 0 controller: 1 pos: -379.208649 204.786682 305.608337 rot_mat: 0.971759 -0.233232 -0.035864  0.232393 0.972272 -0.026071  0.040951 0.017000 0.999017
base: 0 controller: 0 pos: -434.238770 158.856186 374.750397 rot_mat: 0.978714 0.138250 0.151674  -0.116303 0.982555 -0.145119  -0.169091 0.124390 0.977720
base: 0 controller: 1 pos: -379.208649 204.786682 305.608337 rot_mat: 0.971759 -0.233232 -0.035864  0.232393 0.972272 -0.026071  0.040951 0.017000 0.999017
base: 0 controller: 0 pos: -434.115692 159.112122 374.700684 rot_mat: 0.979017 0.136986 0.150866  -0.115006 0.982594 -0.145885  -0.168224 0.125473 0.977731
base: 0 controller: 1 pos: -378.979401 204.829544 305.878754 rot_mat: 0.971405 -0.234636 -0.036296  0.233761 0.971925 -0.026771  0.041559 0.017521 0.998982
base: 0 controller: 0 pos: -434.115692 159.112122 374.700684 rot_mat: 0.979017 0.136986 0.150866  -0.115006 0.982594 -0.145885  -0.168224 0.125473 0.977731
base: 0 controller: 1 pos: -378.979401 204.829544 305.878754 rot_mat: 0.971405 -0.234636 -0.036296  0.233761 0.971925 -0.026771  0.041559 0.017521 0.998982
base: 0 controller: 0 pos: -434.115692 159.112122 374.700684 rot_mat: 0.979017 0.136986 0.150866  -0.115006 0.982594 -0.145885  -0.168224 0.125473 0.977731
base: 0 controller: 1 pos: -378.979401 204.829544 305.878754 rot_mat: 0.971405 -0.234636 -0.036296  0.233761 0.971925 -0.026771  0.041559 0.017521 0.998982
base: 0 controller: 0 pos: -433.828339 159.563110 374.684662 rot_mat: 0.979462 0.135322 0.149473  -0.113179 0.982511 -0.147858  -0.166867 0.127904 0.977648
base: 0 controller: 1 pos: -378.764984 204.980804 305.972839 rot_mat: 0.971325 -0.235120 -0.035300  0.234252 0.971800 -0.027047  0.040664 0.018003 0.999011
base: 0 controller: 0 pos: -433.828339 159.563110 374.684662 rot_mat: 0.979462 0.135322 0.149473  -0.113179 0.982511 -0.147858  -0.166867 0.127904 0.977648
base: 0 controller: 1 pos: -378.764984 204.980804 305.972839 rot_mat: 0.971325 -0.235120 -0.035300  0.234252 0.971800 -0.027047  0.040664 0.018003 0.999011
base: 0 controller: 0 pos: -433.828339 159.563110 374.684662 rot_mat: 0.979462 0.135322 0.149473  -0.113179 0.982511 -0.147858  -0.166867 0.127904 0.977648
base: 0 controller: 1 pos: -378.764984 204.980804 305.972839 rot_mat: 0.971325 -0.235120 -0.035300  0.234252 0.971800 -0.027047  0.040664 0.018003 0.999011
base: 0 controller: 0 pos: -433.549408 160.219055 374.591797 rot_mat: 0.979641 0.134166 0.149340  -0.111668 0.982356 -0.150020  -0.166833 0.130289 0.977339
base: 0 controller: 1 pos: -378.715240 205.187347 305.832947 rot_mat: 0.971589 -0.234253 -0.033759  0.233403 0.971997 -0.027284  0.039205 0.018629 0.999058
base: 0 controller: 0 pos: -433.549408 160.219055 374.591797 rot_mat: 0.979641 0.134166 0.149340  -0.111668 0.982356 -0.150020  -0.166833 0.130289 0.977339
base: 0 controller: 1 pos: -378.715240 205.187347 305.832947 rot_mat: 0.971589 -0.234253 -0.033759  0.233403 0.971997 -0.027284  0.039205 0.018629 0.999058
base: 0 controller: 0 pos: -433.549408 160.219055 374.591797 rot_mat: 0.979641 0.134166 0.149340  -0.111668 0.982356 -0.150020  -0.166833 0.130289 0.977339
base: 0 controller: 1 pos: -378.715240 205.187347 305.832947 rot_mat: 0.971589 -0.234253 -0.033759  0.233403 0.971997 -0.027284  0.039205 0.018629 0.999058
base: 0 controller: 0 pos: -433.402435 160.849274 374.538940 rot_mat: 0.979659 0.133906 0.149459  -0.111219 0.982253 -0.151028  -0.167030 0.131333 0.977166
base: 0 controller: 1 pos: -378.887054 205.243011 305.587891 rot_mat: 0.972000 -0.232692 -0.032716  0.231876 0.972374 -0.026887  0.038068 0.018548 0.999103
base: 0 controller: 0 pos: -433.402435 160.849274 374.538940 rot_mat: 0.979659 0.133906 0.149459  -0.111219 0.982253 -0.151028  -0.167030 0.131333 0.977166
base: 0 controller: 1 pos: -378.887054 205.243011 305.587891 rot_mat: 0.972000 -0.232692 -0.032716  0.231876 0.972374 -0.026887  0.038068 0.018548 0.999103
base: 0 controller: 0 pos: -433.349030 161.360275 374.497009 rot_mat: 0.979655 0.133785 0.149594  -0.110950 0.982167 -0.151786  -0.167233 0.132100 0.977027
base: 0 controller: 1 pos: -379.216522 205.144104 305.232330 rot_mat: 0.972346 -0.231367 -0.031826  0.230581 0.972691 -0.026548  0.037100 0.018476 0.999141
base: 0 controller: 0 pos: -433.349030 161.360275 374.497009 rot_mat: 0.979655 0.133785 0.149594  -0.110950 0.982167 -0.151786  -0.167233 0.132100 0.977027
base: 0 controller: 1 pos: -379.216522 205.144104 305.232330 rot_mat: 0.972346 -0.231367 -0.031826  0.230581 0.972691 -0.026548  0.037100 0.018476 0.999141
